motif	total	kmer5p	kmer5p_pcrt	poisson_pval_5p	padj_5p
M0085_1.02	6655	411	0.0617580766341097	1.89895332333938e-05	0.0164829148465858
M0104_1.02	1956	64	0.032719836400818	0.999887926478899	1
M0105_1.02	1696	13	0.00766509433962264	1	1
M0108_1.02	2604	27	0.01036866359447	1	1
M0177_1.02	2858	140	0.0489853044086774	0.607016331718936	1
M0178_1.02	2168	916	0.422509225092251	0	0
M0183_1.02	2995	406	0.135559265442404	8.33227821144209e-67	7.23241748753173e-64
M0189_1.02	1792	317	0.176897321428571	1.98704252540265e-77	1.7247529120495e-74
M0191_1.02	4920	446	0.090650406504065	1.71575422844924e-30	1.48927467029394e-27
M0195_1.02	1832	332	0.181222707423581	1.64285683149455e-83	1.42599972973727e-80
M0196_1.02	2576	362	0.140527950310559	2.11802274903792e-63	1.83844374616491e-60
M0198_1.02	6084	250	0.0410913872452334	0.999377101129324	1
M0199_1.02	6844	362	0.0528930450029223	0.148551566156574	1
M0211_1.02	1664	317	0.190504807692308	7.29765705730484e-85	6.3343663257406e-82
M0212_1.02	3253	364	0.111896710728558	4.74748605366206e-42	4.12081789457867e-39
M0214_1.02	2372	546	0.230185497470489	7.92215956750141e-179	6.87643450459122e-176
M0216_1.02	3192	1006	0.31516290726817	0	0
M0217_1.02	2392	100	0.0418060200668896	0.969787332181071	1
M0220_1.02	3880	729	0.187886597938144	3.39014192368021e-189	2.94264318975442e-186
M0224_1.02	2000	75	0.0375	0.996026814029178	1
M0305_1.02	2788	459	0.164634146341463	4.69514315528092e-101	4.07538425878384e-98
M0395_1.02	1276	13	0.0101880877742947	0.999999999999998	1
M0396_1.02	4204	230	0.054709800190295	0.0929350078461309	1
M0398_1.02	5698	896	0.157248157248157	6.67416579731529e-183	5.79317591206967e-180
M0404_1.02	4936	606	0.122771474878444	1.04053720004244e-82	9.03186289636838e-80
M0405_1.02	6869	2239	0.325957199010045	0	0
M0408_1.02	2428	43	0.0177100494233937	1	1
M0413_1.02	5072	65	0.0128154574132492	1	1
M0415_1.02	1792	52	0.0290178571428571	0.999993441690805	1
M0420_1.02	5876	754	0.128318584070796	4.08675453617764e-111	3.54730293740219e-108
M0422_1.02	6448	656	0.101736972704715	9.63158044791072e-60	8.3602118287865e-57
M0424_1.02	3288	424	0.128953771289538	6.04292184303349e-64	5.24525615975307e-61
M0428_1.02	2048	24	0.01171875	1	1
M0431_1.02	2896	203	0.0700966850828729	2.90496945644565e-06	0.00252151348819482
M0432_1.02	4496	456	0.101423487544484	8.0270719722876e-42	6.96749847194564e-39
M0433_1.02	3498	161	0.0460263007432819	0.862481439897313	1
M0436_1.02	3136	150	0.0478316326530612	0.717071047947053	1
M0437_1.02	1217	55	0.0451930977814297	0.790179537916689	1
M0442_1.02	3736	227	0.0607601713062099	0.00238783640281449	1
M0594_1.02	1168	10	0.00856164383561644	0.999999999999999	1
M0607_1.02	2784	113	0.0405890804597701	0.990023447467495	1
M0608_1.02	7076	1526	0.215658564160543	0	0
M0609_1.02	7122	1064	0.149396237012075	8.0875857924265e-201	7.0200244678262e-198
M0610_1.02	3664	221	0.0603165938864629	0.00366626360352207	1
M0629_1.02	3337	26	0.00779142942762961	1	1
M0630_1.02	2991	57	0.0190571715145436	1	1
M0632_1.02	2814	57	0.0202558635394456	1	1
M0633_1.02	1980	5	0.00252525252525253	1	1
M0635_1.02	4052	22	0.0054294175715696	1	1
M0717_1.02	1024	132	0.12890625	3.54061705170738e-21	3.07325560088201e-18
M0718_1.02	3096	336	0.108527131782946	1.62556693576774e-36	1.4109921002464e-33
M0719_1.02	1024	91	0.0888671875	3.3349474132215e-07	0.000289473435467626
M0728_1.02	3620	334	0.0922651933701657	1.79923675217625e-24	1.56173750088899e-21
M0732_1.02	2912	293	0.100618131868132	4.91988508568129e-27	4.27046025437136e-24
M0736_1.02	1024	115	0.1123046875	1.30220886821986e-14	1.13031729761484e-11
M0737_1.02	2728	321	0.11766862170088	2.78076785114343e-41	2.4137064947925e-38
M0747_1.02	2544	222	0.0872641509433962	1.85406251401513e-14	1.60932626216513e-11
M0888_1.02	2644	59	0.0223146747352496	0.999999999999689	1
M0891_1.02	3584	148	0.0412946428571429	0.99246554118149	1
M0893_1.02	1156	29	0.0250865051903114	0.999989450128319	1
M0894_1.02	1024	62	0.060546875	0.0781731943809566	1
M0895_1.02	1632	72	0.0441176470588235	0.869397423311	1
M0898_1.02	1792	61	0.0340401785714286	0.999422048241248	1
M0899_1.02	956	27	0.0282426778242678	0.999581777470793	1
M0901_1.02	1280	25	0.01953125	0.999999990903576	1
M0905_1.02	2604	89	0.0341781874039939	0.999944664390752	1
M0906_1.02	1576	9	0.00571065989847716	1	1
M0908_1.02	1536	107	0.0696614583333333	0.000646078913168507	0.560796496630264
M0931_1.02	2380	92	0.038655462184874	0.995509981732066	1
M0937_1.02	1280	1	0.00078125	1	1
M0942_1.02	1536	1	0.000651041666666667	1	1
M0943_1.02	960	35	0.0364583333333333	0.978678917766803	1
M0952_1.02	1280	0	0	1	1
M0955_1.02	2256	54	0.023936170212766	0.999999999735383	1
M0958_1.02	1152	71	0.0616319444444444	0.0481758276529448	1
M0961_1.02	2512	57	0.0226910828025478	0.999999999997512	1
M0969_1.02	2656	182	0.0685240963855422	2.98019822539486e-05	0.0258681205964274
M0994_1.02	2048	14	0.0068359375	1	1
M0996_1.02	1280	50	0.0390625	0.969020398776312	1
M0999_1.02	1614	23	0.0142503097893432	0.99999999999999	1
M1003_1.02	2243	24	0.0106999554168524	1	1
M1007_1.02	2816	76	0.0269886363636364	0.999999999158082	1
M1012_1.02	2512	118	0.0469745222929936	0.762907743848825	1
M1016_1.02	1280	8	0.00625	1	1
M1018_1.02	1280	38	0.0296875	0.999821688408806	1
M1025_1.02	1276	40	0.0313479623824451	0.999427200977779	1
M1027_1.02	2156	40	0.0185528756957328	0.999999999999978	1
M1029_1.02	3648	288	0.0789473684210526	3.4013697097691e-13	2.95238890807958e-10
M1030_1.02	2688	237	0.0881696428571429	8.82138458545552e-16	7.65696182017539e-13
M1034_1.02	1280	18	0.0140625	0.999999999996909	1
M1039_1.02	2400	77	0.0320833333333333	0.999988840127661	1
M1049_1.02	3744	9	0.00240384615384615	1	1
M1070_1.02	2512	103	0.0410031847133758	0.982758644555981	1
M1071_1.02	1280	80	0.0625	0.0296226787329971	1
M1110_1.02	4056	220	0.0542406311637081	0.121267027561993	1
M1125_1.02	3048	97	0.0318241469816273	0.9999993638985	1
M1157_1.02	3320	70	0.0210843373493976	1	1
M1163_1.02	1578	18	0.0114068441064639	1	1
M1266_1.02	4800	212	0.0441666666666667	0.969050428633051	1
M1281_1.02	2988	357	0.119477911646586	4.55590198986677e-47	3.95452292720436e-44
M1358_1.02	2112	65	0.0307765151515152	0.999991292182655	1
M1359_1.02	4059	407	0.100271002710027	1.63685447906704e-36	1.42078968783019e-33
M1418_1.02	1152	55	0.0477430555555556	0.651731384003753	1
M1434_1.02	2048	86	0.0419921875	0.955670501786929	1
M1435_1.02	2048	185	0.09033203125	1.45393730368279e-13	1.26201757959666e-10
M1440_1.02	2048	248	0.12109375	3.94837369700151e-34	3.42718836899731e-31
M1458_1.02	3792	812	0.214135021097046	4.08769189968492e-245	3.54811656892651e-242
M1507_1.02	3224	393	0.121898263027295	1.25678590248232e-53	1.09089016335465e-50
M1517_1.02	3008	382	0.126994680851064	2.9442525777679e-56	2.55561123750254e-53
M1518_1.02	2888	284	0.0983379501385042	7.61379929355311e-25	6.6087777868041e-22
M1526_1.02	6990	1145	0.163805436337625	4.22086142852186e-247	3.66370771995697e-244
M1528_1.02	5809	1070	0.184196935789292	6.66063767487875e-270	5.78143350179475e-267
M1529_1.02	5360	849	0.15839552238806	2.94921694089891e-175	2.55992030470025e-172
M1531_1.02	4588	999	0.217741935483871	1.30063184104817e-306	1.12894843802981e-303
M1536_1.02	3912	800	0.204498977505112	2.40729405828136e-229	2.08953124258822e-226
M1537_1.02	3440	841	0.244476744186047	1.27841599462742e-291	1.1096650833366e-288
M1545_1.02	3586	314	0.0875627440044618	6.36060996004177e-20	5.52100944531626e-17
M1578_1.02	1280	131	0.10234375	1.48613286716368e-13	1.28996332869807e-10
M1581_1.02	2960	458	0.15472972972973	2.36594172066687e-92	2.05363741353884e-89
M1582_1.02	2437	119	0.0488305293393517	0.613978784259532	1
M1583_1.02	1280	21	0.01640625	0.999999999873772	1
M1584_1.02	1024	194	0.189453125	2.34913923492697e-52	2.03905285591661e-49
M1589_1.02	3776	318	0.0842161016949153	6.97681191476784e-18	6.05587274201848e-15
M1592_1.02	1024	186	0.181640625	8.75541915737076e-48	7.59970382859782e-45
M1594_1.02	3264	394	0.120710784313725	9.0242569791355e-53	7.83305505788961e-50
M1599_1.02	2496	336	0.134615384615385	5.4849794402811e-55	4.76096215416399e-52
M1600_1.02	1024	194	0.189453125	2.34913923492697e-52	2.03905285591661e-49
M1601_1.02	2592	251	0.0968364197530864	2.40866230987709e-21	2.09071888497331e-18
M1605_1.02	3784	152	0.040169133192389	0.99765646472654	1
M1628_1.02	4169	78	0.0187095226673063	1	1
M1641_1.02	0	0	0	1	1
M1668_1.02	6767	230	0.0339884734742131	0.999999999827819	1
M1838_1.02	10446	697	0.0667241049205437	2.00141814369514e-13	1.73723094872738e-10
M1841_1.02	6129	808	0.131832272801436	9.21140207180768e-125	7.99549699832907e-122
M1848_1.02	12171	1158	0.0951441952181415	2.85498364153409e-87	2.47812580085159e-84
M1851_1.02	6323	316	0.0499762770836628	0.510845495245625	1
M1856_1.02	8688	1679	0.193255064456722	0	0
M1857_1.02	3303	615	0.186194368755677	3.51860158266373e-158	3.05414617375212e-155
M1860_1.02	5144	1885	0.36644634525661	0	0
M1861_1.02	4567	189	0.041383840595577	0.996621697107026	1
M1862_1.02	5171	234	0.0452523689808548	0.942206516265254	1
M1863_1.02	1280	157	0.12265625	8.51960722257679e-23	7.39501906919665e-20
M1864_1.02	1536	105	0.068359375	0.00129441046255096	1
M1865_1.02	768	55	0.0716145833333333	0.00679713231136476	1
M1868_1.02	5027	362	0.0720111398448379	3.39564143643351e-11	2.94741676682429e-08
M1869_1.02	1024	165	0.1611328125	1.65580558933431e-36	1.43723925154218e-33
M1871_1.02	7482	2325	0.31074578989575	0	0
M1873_1.02	3383	321	0.0948861956843039	2.01529918020379e-25	1.74927968841689e-22
M1874_1.02	3742	339	0.0905932656333512	1.39817656288817e-23	1.21361725658693e-20
M1875_1.02	5095	1175	0.230618253189401	0	0
M1878_1.02	3836	138	0.0359749739311783	0.999980984243914	1
M1880_1.02	5044	941	0.186558287073751	1.93049613177655e-241	1.67567064238205e-238
M1882_1.02	6068	1209	0.199241924851681	0	0
M1883_1.02	7407	971	0.131092210071554	5.09467127739321e-148	4.42217466877731e-145
M1884_1.02	5142	1998	0.388564760793466	0	0
M1887_1.02	0	0	0	1	1
M1888_1.02	5480	718	0.131021897810219	6.5349431222346e-110	5.67233063009963e-107
M1889_1.02	4374	449	0.1026520347508	2.0625720198781e-42	1.79031251325419e-39
M1890_1.02	10145	1218	0.120059142434697	4.05903180567386e-157	3.52323960732491e-154
M1894_1.02	7567	605	0.0799524250033038	5.36782000942202e-27	4.65926776817831e-24
M1897_1.02	6793	164	0.0241424996319741	1	1
M1898_1.02	4409	40	0.00907235200725788	1	1
M1899_1.02	4376	465	0.106261425959781	1.66496113000755e-47	1.44518626084655e-44
M1901_1.02	9819	670	0.0682350544862002	1.09600981069099e-14	9.51336515679779e-12
M1903_1.02	6042	3110	0.514730221780867	0	0
M1904_1.02	2348	399	0.169931856899489	5.72461381713641e-92	4.9689647932744e-89
M1905_1.02	2480	179	0.0721774193548387	2.08317546002433e-06	0.00180819629930112
M1906_1.02	8789	3179	0.361702127659574	0	0
M1908_1.02	1280	310	0.2421875	7.67701178171079e-108	6.66364622652497e-105
M1910_1.02	7193	609	0.0846656471569582	3.83919217471423e-33	3.33241880765195e-30
M1911_1.02	1740	167	0.0959770114942529	1.7903357696023e-14	1.5540114480148e-11
M1915_1.02	10299	806	0.0782600252451694	1.4637880139342e-32	1.27056799609489e-29
M1916_1.02	5849	599	0.10241066849034	1.32116003225565e-55	1.1467669079979e-52
M1917_1.02	5027	1208	0.240302367217028	0	0
M1919_1.02	5732	578	0.100837404047453	9.56378925528261e-52	8.30136907358531e-49
M1924_1.02	5481	781	0.142492245940522	1.95871876890444e-137	1.70016789140905e-134
M1925_1.02	4831	997	0.206375491616643	2.94134830367265e-288	2.55309032758786e-285
M1926_1.02	3744	61	0.016292735042735	1	1
M1927_1.02	1904	382	0.20063025210084	3.02367735436337e-108	2.62455194358741e-105
M1928_1.02	5768	935	0.162101248266297	2.99821725191745e-199	2.60245257466435e-196
M1929_1.02	7285	286	0.0392587508579272	0.999990699528027	1
M1930_1.02	4783	867	0.181266987246498	9.73231680026087e-215	8.44765098262643e-212
M1934_1.02	12684	988	0.0778934090192368	9.55820032854792e-39	8.29651788517959e-36
M1936_1.02	7825	420	0.0536741214057508	0.0778260291748926	1
M1944_1.02	1280	27	0.02109375	0.999999939820624	1
M1950_1.02	0	0	0	1	1
M1951_1.02	5136	317	0.0617211838006231	0.0001569571892003	0.13623884022586
M1953_1.02	1280	76	0.059375	0.0781434920070569	1
M1955_1.02	5566	1319	0.23697448796263	0	0
M1956_1.02	12885	1582	0.122778424524641	1.85007926977854e-212	1.60586880616777e-209
M1957_1.02	14173	5813	0.410146052353066	0	0
M1960_1.02	1536	137	0.0891927083333333	3.88216313309222e-10	3.36971759952405e-07
M1961_1.02	6011	1259	0.209449342871402	0	0
M1963_1.02	11827	1074	0.0908091654688425	5.08613650802863e-71	4.41476648896885e-68
M1965_1.02	5683	344	0.0605314094668309	0.000316075288617776	0.27435335052023
M1968_1.02	7167	990	0.138133110087903	5.07490109948016e-165	4.40501415434878e-162
M1969_1.02	8270	951	0.114993954050786	6.468322771158e-113	5.61450416536514e-110
M1970_1.02	0	0	0	1	1
M1971_1.02	11957	3203	0.267876557664966	0	0
M1972_1.02	9917	659	0.0664515478471312	1.71998562846399e-12	1.49294752550674e-09
M2065_1.02	7668	832	0.108502869066249	1.94401085160654e-87	1.68740141919448e-84
M2267_1.02	3981	79	0.0198442602361216	1	1
M2268_1.02	4711	1050	0.222882615156018	0	0
M2270_1.02	3780	155	0.041005291005291	0.995056978332611	1
M2272_1.02	7556	1386	0.183430386447856	0	0
M2273_1.02	7154	1154	0.161308358960022	1.0832034783768e-243	9.40220619231062e-241
M2275_1.02	7164	2674	0.373255164712451	0	0
M2277_1.02	5480	2837	0.517700729927007	0	0
M2278_1.02	4364	2164	0.495875343721357	0	0
M2279_1.02	3842	1813	0.471889640812077	0	0
M2280_1.02	4227	1907	0.451147385852851	0	0
M2281_1.02	4646	218	0.0469220835126991	0.834119776043825	1
M2283_1.02	4816	368	0.0764119601328904	1.70962377217829e-14	1.48395343425076e-11
M2286_1.02	7461	724	0.0970379305723093	2.56123098975663e-58	2.22314849910876e-55
M2288_1.02	5270	406	0.0770398481973435	2.55956677568293e-16	2.22170396129278e-13
M2289_1.02	5474	1398	0.255389112166606	0	0
M2290_1.02	5278	2285	0.432929139825692	0	0
M2291_1.02	4101	1956	0.476956839795172	0	0
M2292_1.02	3955	2020	0.510745891276865	0	0
M2293_1.02	5892	1622	0.275288526816022	0	0
M2295_1.02	7966	1355	0.17009791614361	1.52278872070154e-307	1.32178060956894e-304
M2296_1.02	7000	1259	0.179857142857143	1.03539107768484e-307	8.98719455430441e-305
M2297_1.02	5222	1936	0.370739180390655	0	0
M2301_1.02	7481	947	0.126587354631734	1.31952599628542e-135	1.14534856477574e-132
M2303_1.02	8220	825	0.10036496350365	3.83681660826089e-72	3.33035681597045e-69
M2305_1.02	8374	1216	0.145211368521615	2.87874928684164e-219	2.49875438097854e-216
M2306_1.02	4893	167	0.0341303903535663	0.999999940288179	1
M2307_1.02	5409	604	0.111665742281383	3.63340910189424e-68	3.1537991004442e-65
M2309_1.02	9832	1622	0.164971521562246	0	0
M2310_1.02	7857	312	0.0397098129056892	0.999989364167966	1
M2313_1.02	3544	389	0.109762979683973	5.17293760499701e-43	4.4901098411374e-40
M2314_1.02	11835	3630	0.306717363751584	0	0
M2319_1.02	6418	166	0.0258647553755064	1	1
M2320_1.02	12078	861	0.0712866368604074	4.83825964233651e-23	4.19960936954809e-20
M2321_1.02	7832	347	0.0443054136874362	0.989733173856375	1
M2322_1.02	4930	1134	0.230020283975659	0	0
M2323_1.02	8530	732	0.0858147713950762	3.17494049147463e-41	2.75584834659998e-38
M2324_1.02	8269	1293	0.156367154432217	8.5889946080159e-261	7.4552473197578e-258
M2384_1.02	5877	757	0.128807214565254	2.58914607069337e-112	2.24737878936185e-109
M2385_1.02	3450	335	0.0971014492753623	4.53823087851269e-28	3.93918440254901e-25
M2387_1.02	5750	347	0.0603478260869565	0.000363361547442868	0.315397823180409
M2388_1.02	5696	333	0.0584620786516854	0.00287010961344379	1
M2389_1.02	4800	462	0.09625	3.90027321835072e-37	3.38543715352842e-34
M2390_1.02	1792	499	0.278459821428571	9.70943876045333e-197	8.42779284407349e-194
M2391_1.02	7469	2414	0.323202570625251	0	0
M2392_1.02	11129	1518	0.136400395363465	1.55056556461427e-246	1.34589091008519e-243
M2917_1.02	11863	931	0.078479305403355	1.01115978096761e-37	8.77686689879885e-35
M2942_1.02	2560	106	0.04140625	0.979150902159414	1
M2978_1.02	2048	247	0.12060546875	9.58915139078087e-34	8.3233834071978e-31
M2980_1.02	5889	2319	0.393785022924096	0	0
M3087_1.02	640	451	0.7046875	0	0
M3088_1.02	5295	1756	0.331633616619452	0	0
M3433_1.02	2432	103	0.0423519736842105	0.961227746440715	1
M3450_1.02	6857	653	0.0952311506489718	3.13580133384501e-50	2.72187555777747e-47
M3516_1.02	7718	689	0.08927183208085	5.23983379545357e-44	4.5481757344537e-41
M3517_1.02	3216	290	0.0901741293532338	3.58958828565444e-20	3.11576263194805e-17
M3524_1.02	8522	643	0.0754517718845341	9.11176058752648e-23	7.90900818997298e-20
M3546_1.02	9460	1168	0.123467230443975	3.90327364922591e-159	3.38804152752809e-156
M3640_1.02	3656	34	0.00929978118161926	1	1
M3695_1.02	9247	920	0.0994917270466097	1.83882855443983e-78	1.59610318525377e-75
M3841_1.02	5475	564	0.103013698630137	3.2554035200042e-53	2.82569025536365e-50
M4451_1.02	5238	1333	0.254486445208095	0	0
M4452_1.02	5537	1135	0.204984648726747	0	0
M4453_1.02	7074	1686	0.238337574215437	0	0
M4462_1.02	5906	2733	0.462749746020996	0	0
M4463_1.02	7445	1889	0.253727333781061	0	0
M4473_1.02	9496	2063	0.217249368155013	0	0
M4479_1.02	5987	1171	0.19559044596626	1.18364690157996e-317	1.0274055105714e-314
M4484_1.02	7245	1337	0.184541062801932	0	0
M4509_1.02	6253	284	0.0454181992643531	0.952109634380422	1
M4526_1.02	8056	2660	0.330188679245283	0	0
M4527_1.02	11482	1746	0.152064100330953	0	0
M4532_1.02	4877	441	0.0904244412548698	5.8946309515772e-30	5.11653966596901e-27
M4545_1.02	5436	532	0.0978660779985283	2.4317289402392e-44	2.11074072012763e-41
M4551_1.02	8094	220	0.0271806276254015	1	1
M4553_1.02	4104	614	0.149610136452242	4.61312528489774e-117	4.00419274729124e-114
M4567_1.02	6548	552	0.0843005497861943	8.57511875273623e-30	7.44320307737505e-27
M4600_1.02	3866	427	0.110450077599586	1.17160878448936e-47	1.01695642493676e-44
M4612_1.02	13568	4564	0.336379716981132	0	0
M4629_1.02	8242	2464	0.298956563940791	0	0
M4631_1.02	7161	1917	0.26770004189359	0	0
M4635_1.02	5111	1106	0.216396008608883	0	0
M4640_1.02	13616	1713	0.125807873090482	1.04378864610311e-240	9.06008544817499e-238
M4679_1.02	1408	187	0.1328125	9.29351588225029e-31	8.06677178579325e-28
M4681_1.02	4345	1625	0.373993095512083	0	0
M4692_1.02	4376	315	0.0719835466179159	6.07226830397636e-10	5.27072888785148e-07
M4702_1.02	1536	395	0.257161458333333	4.47118178817059e-145	3.88098579213207e-142
M4708_1.02	2960	41	0.0138513513513514	1	1
M4840_1.02	5411	267	0.0493439290334504	0.593547475523877	1
M4850_1.02	9851	948	0.0962338848847833	4.54817289590521e-74	3.94781407364572e-71
M4930_1.02	4558	125	0.0274243089074155	0.999999999999965	1
M4971_1.02	5169	937	0.181272973495841	6.64132965918085e-232	5.76467414416898e-229
M5116_1.02	3420	399	0.116666666666667	5.47475294735496e-50	4.75208555830411e-47
M5209_1.02	8312	2810	0.338065447545717	0	0
M5234_1.02	4006	422	0.105341987019471	1.89044166174372e-42	1.64090336239355e-39
M5284_1.02	1848	65	0.0351731601731602	0.998864719683129	1
M5287_1.02	3830	45	0.0117493472584856	1	1
M5290_1.02	3164	777	0.245575221238938	8.35743176581346e-271	7.25425077272608e-268
M5291_1.02	2416	44	0.0182119205298013	1	1
M5292_1.02	6513	1489	0.228619683709504	0	0
M5293_1.02	4656	1733	0.372207903780069	0	0
M5294_1.02	2844	32	0.0112517580872011	1	1
M5295_1.02	2688	47	0.017485119047619	1	1
M5301_1.02	1280	66	0.0515625	0.417784394258692	1
M5302_1.02	4237	1233	0.29100778852962	0	0
M5303_1.02	7263	511	0.070356601955115	1.54761673195708e-13	1.34333132333875e-10
M5304_1.02	1696	46	0.027122641509434	0.999998453865016	1
M5307_1.02	2793	51	0.0182599355531686	1	1
M5308_1.02	1944	45	0.0231481481481481	0.999999998812174	1
M5309_1.02	2760	687	0.248913043478261	6.52964713993178e-243	5.66773371746079e-240
M5310_1.02	1280	19	0.01484375	0.99999999998878	1
M5311_1.02	3346	78	0.0233114166168559	0.999999999999995	1
M5312_1.02	1648	36	0.0218446601941748	0.999999996901002	1
M5316_1.02	3424	1042	0.304322429906542	0	0
M5317_1.02	3440	1047	0.304360465116279	0	0
M5318_1.02	3492	1052	0.301260022909507	0	0
M5320_1.02	7489	208	0.0277740686339965	1	1
M5321_1.02	2132	285	0.133677298311445	2.15540901649481e-46	1.87089502631749e-43
M5322_1.02	768	37	0.0481770833333333	0.611021608153464	1
M5323_1.02	5741	2035	0.354467862741683	0	0
M5325_1.02	8967	1335	0.148879223820676	4.72350525689215e-250	4.10000256298239e-247
M5334_1.02	2336	1	0.000428082191780822	1	1
M5337_1.02	3149	755	0.239758653540807	5.87085854103394e-257	5.09590521361746e-254
M5339_1.02	1980	42	0.0212121212121212	0.999999999966218	1
M5340_1.02	1280	29	0.02265625	0.999999656903352	1
M5341_1.02	1024	21	0.0205078125	0.999999410536843	1
M5342_1.02	1024	21	0.0205078125	0.999999410536843	1
M5343_1.02	896	11	0.0122767857142857	0.999999999599146	1
M5344_1.02	1024	15	0.0146484375	0.999999999227079	1
M5345_1.02	2864	62	0.0216480446927374	0.999999999999993	1
M5347_1.02	3896	48	0.0123203285420945	1	1
M5348_1.02	3805	76	0.0199737187910644	1	1
M5349_1.02	4418	236	0.0534178361249434	0.162830674246904	1
M5354_1.02	8695	1026	0.117998849913744	3.21647427079284e-128	2.79189966704819e-125
M5355_1.02	6471	790	0.122083140163808	4.84394131219529e-106	4.20454105898551e-103
M5356_1.02	5390	599	0.11113172541744	6.26192015697195e-67	5.43534669625165e-64
M5357_1.02	8698	1065	0.122441940676017	5.26026540657751e-143	4.56591037290928e-140
M5358_1.02	6036	643	0.106527501656726	2.70349036085226e-65	2.34662963321976e-62
M5359_1.02	5751	695	0.120848548078595	9.78745647456997e-92	8.49551221992673e-89
M5362_1.02	8006	1029	0.128528603547339	2.6822141786188e-151	2.32816190704112e-148
M5363_1.02	7679	872	0.113556452663107	4.97195965268007e-101	4.3156609785263e-98
M5367_1.02	8430	863	0.102372479240807	3.86383442349743e-79	3.35380827959577e-76
M5369_1.02	11914	2007	0.168457277152929	0	0
M5370_1.02	11655	1977	0.16962676962677	0	0
M5375_1.02	6819	2059	0.301950432614753	0	0
M5377_1.02	7362	2479	0.336729149687585	0	0
M5378_1.02	5185	2309	0.445323047251688	0	0
M5384_1.02	4546	2277	0.50087989441267	0	0
M5386_1.02	1648	47	0.0285194174757282	0.999991134735619	1
M5388_1.02	1464	48	0.0327868852459016	0.999290894796175	1
M5390_1.02	2548	52	0.0204081632653061	0.999999999999988	1
M5394_1.02	2436	26	0.0106732348111658	1	1
M5396_1.02	6208	195	0.0314110824742268	0.99999999999916	1
M5398_1.02	4808	2402	0.499584026622296	0	0
M5399_1.02	4562	2408	0.527838667251206	0	0
M5410_1.02	4938	497	0.10064803564196	1.44582954471144e-44	1.25498004480953e-41
M5413_1.02	3944	440	0.111561866125761	4.19211962630631e-50	3.63875983563388e-47
M5414_1.02	2356	53	0.0224957555178268	0.999999999992397	1
M5416_1.02	4696	2509	0.534284497444634	0	0
M5420_1.02	4674	2243	0.479888746255884	0	0
M5421_1.02	5059	2331	0.460762996639652	0	0
M5422_1.02	4915	2249	0.457578840284842	0	0
M5423_1.02	4426	2161	0.488251242657027	0	0
M5424_1.02	4554	2091	0.459156785243742	0	0
M5426_1.02	4384	2163	0.49338503649635	0	0
M5427_1.02	2112	57	0.0269886363636364	0.99999991470282	1
M5428_1.02	2084	58	0.027831094049904	0.999999690225087	1
M5429_1.02	4578	2279	0.497815640017475	0	0
M5430_1.02	3912	270	0.0690184049079755	2.77806590053656e-07	0.000241136120166573
M5437_1.02	2954	148	0.0501015572105619	0.501090057289957	1
M5444_1.02	3335	308	0.0923538230884558	9.08449520052903e-23	7.8853418340592e-20
M5446_1.02	1280	192	0.15	4.1295953426464e-38	3.58448875741707e-35
M5448_1.02	1280	192	0.15	4.1295953426464e-38	3.58448875741707e-35
M5454_1.02	1024	91	0.0888671875	3.3349474132215e-07	0.000289473435467626
M5456_1.02	1024	56	0.0546875	0.269000270858376	1
M5459_1.02	4496	229	0.0509341637010676	0.398513915849785	1
M5462_1.02	1024	91	0.0888671875	3.3349474132215e-07	0.000289473435467626
M5466_1.02	1280	172	0.134375	5.47742642487123e-29	4.75440613678823e-26
M5469_1.02	1280	192	0.15	4.1295953426464e-38	3.58448875741707e-35
M5472_1.02	1280	192	0.15	4.1295953426464e-38	3.58448875741707e-35
M5474_1.02	1280	192	0.15	4.1295953426464e-38	3.58448875741707e-35
M5478_1.02	1280	184	0.14375	2.38792559327054e-34	2.07271941495883e-31
M5479_1.02	1024	157	0.1533203125	1.65841020412836e-32	1.43950005718342e-29
M5480_1.02	2588	62	0.0239567233384853	0.999999999984285	1
M5481_1.02	2540	49	0.0192913385826772	0.999999999999999	1
M5484_1.02	5064	90	0.0177725118483412	1	1
M5487_1.02	5056	64	0.0126582278481013	1	1
M5489_1.02	7300	283	0.0387671232876712	0.999996428664222	1
M5490_1.02	12034	393	0.0326574705002493	1	1
M5491_1.02	11872	698	0.0587938005390836	1.626171728644e-05	0.0141151706046299
M5492_1.02	10238	352	0.0343817151787459	0.999999999999971	1
M5493_1.02	1152	289	0.250868055555556	3.34788656029447e-104	2.9059655343356e-101
M5498_1.02	2776	211	0.0760086455331412	7.41707127080386e-09	6.43801786305775e-06
M5500_1.02	2816	73	0.0259232954545455	0.999999999882905	1
M5501_1.02	2832	68	0.0240112994350282	0.99999999999783	1
M5502_1.02	2088	37	0.01772030651341	0.999999999999991	1
M5503_1.02	2416	33	0.013658940397351	1	1
M5504_1.02	5096	398	0.0781004709576138	6.99022232613752e-17	6.06751297908737e-14
M5506_1.02	5312	446	0.083960843373494	4.12002936133472e-24	3.57618548563854e-21
M5507_1.02	2220	49	0.0220720720720721	0.99999999998694	1
M5509_1.02	3100	463	0.149354838709677	1.46772622143925e-88	1.27398636020927e-85
M5510_1.02	3580	463	0.129329608938547	5.32030087195049e-70	4.61802115685303e-67
M5512_1.02	4224	177	0.0419034090909091	0.992781737509552	1
M5517_1.02	2868	27	0.00941422594142259	1	1
M5518_1.02	2899	18	0.00620903759917213	1	1
M5519_1.02	3399	65	0.019123271550456	1	1
M5520_1.02	3633	49	0.0134874759152216	1	1
M5522_1.02	2835	50	0.017636684303351	1	1
M5530_1.02	3773	36	0.00954147892923403	1	1
M5531_1.02	4213	88	0.02088772845953	1	1
M5533_1.02	1828	47	0.0257111597374179	0.99999988426472	1
M5534_1.02	2400	67	0.0279166666666667	0.999999948417645	1
M5535_1.02	4466	24	0.00537393640841917	1	1
M5538_1.02	2096	44	0.0209923664122137	0.999999999993616	1
M5539_1.02	2392	67	0.0280100334448161	0.999999938032148	1
M5540_1.02	4304	25	0.00580855018587361	1	1
M5541_1.02	2016	46	0.0228174603174603	0.999999999643565	1
M5542_1.02	2580	61	0.0236434108527132	0.999999999990926	1
M5543_1.02	1980	45	0.0227272727272727	0.99999999956593	1
M5544_1.02	2640	36	0.0136363636363636	1	1
M5545_1.02	2328	45	0.0193298969072165	0.999999999999987	1
M5546_1.02	2776	12	0.00432276657060519	1	1
M5547_1.02	3748	58	0.0154749199573106	1	1
M5548_1.02	3102	65	0.0209542230818827	1	1
M5551_1.02	1728	23	0.0133101851851852	1	1
M5552_1.02	4330	80	0.0184757505773672	1	1
M5553_1.02	2328	53	0.022766323024055	0.999999999983291	1
M5554_1.02	4473	26	0.00581265369997764	1	1
M5555_1.02	2840	22	0.00774647887323944	1	1
M5556_1.02	2880	57	0.0197916666666667	1	1
M5557_1.02	1840	29	0.0157608695652174	0.999999999999995	1
M5558_1.02	3880	15	0.0038659793814433	1	1
M5561_1.02	2424	54	0.0222772277227723	0.999999999997469	1
M5562_1.02	4548	23	0.00505716798592788	1	1
M5563_1.02	1960	96	0.0489795918367347	0.593552967244435	1
M5566_1.02	3045	151	0.0495894909688013	0.551145568326408	1
M5567_1.02	3155	187	0.0592709984152139	0.0126361265078512	1
M5568_1.02	4438	91	0.0205047318611987	1	1
M5569_1.02	2508	62	0.0247208931419458	0.999999999870124	1
M5571_1.02	4016	160	0.0398406374501992	0.998701939252214	1
M5572_1.02	9727	1789	0.183921044515267	0	0
M5574_1.02	6561	563	0.0858100899253163	3.78527288642498e-32	3.28561686541688e-29
M5576_1.02	6085	824	0.135414954806902	3.35032206947675e-133	2.90807955630582e-130
M5578_1.02	6100	870	0.142622950819672	4.50463021526214e-153	3.91001902684754e-150
M5580_1.02	6233	846	0.13572918337879	3.08018702633188e-137	2.67360233885607e-134
M5581_1.02	5605	305	0.0544157002676182	0.0751861580265323	1
M5582_1.02	5283	236	0.0446715881128147	0.962928397469199	1
M5583_1.02	1280	58	0.0453125	0.789770032651325	1
M5585_1.02	1024	18	0.017578125	0.999999972451764	1
M5587_1.02	1696	1097	0.646816037735849	0	0
M5588_1.02	3910	1700	0.434782608695652	0	0
M5591_1.02	11638	1600	0.137480666781234	3.27736683805861e-263	2.84475441543487e-260
M5592_1.02	11504	2191	0.190455493741307	0	0
M5593_1.02	9194	2543	0.276593430498151	0	0
M5595_1.02	2208	49	0.0221920289855072	0.999999999981583	1
M5596_1.02	6419	149	0.0232123383704627	1	1
M5597_1.02	1928	66	0.0342323651452282	0.999557460524043	1
M5599_1.02	1216	40	0.0328947368421053	0.998118441716004	1
M5602_1.02	896	18	0.0200892857142857	0.999998167891826	1
M5604_1.02	640	6	0.009375	0.999999995829472	1
M5605_1.02	640	6	0.009375	0.999999995829472	1
M5608_1.02	5909	835	0.141309866305635	7.9205503239881e-145	6.87503768122167e-142
M5616_1.02	3726	1561	0.418947933440687	0	0
M5617_1.02	3703	1515	0.409127734269511	0	0
M5618_1.02	1280	159	0.12421875	1.3775567599079e-23	1.19571926760006e-20
M5620_1.02	1792	272	0.151785714285714	3.94667390437139e-54	3.42571294899437e-51
M5621_1.02	1536	213	0.138671875	2.61203200034614e-37	2.26724377630045e-34
M5623_1.02	1828	48	0.0262582056892779	0.9999997701641	1
M5624_1.02	1980	41	0.0207070707070707	0.999999999986238	1
M5627_1.02	4288	124	0.0289179104477612	0.999999999991915	1
M5628_1.02	1792	44	0.0245535714285714	0.999999966012261	1
M5631_1.02	2084	79	0.0379078694817658	0.995557140373434	1
M5632_1.02	2676	599	0.223841554559043	2.65456976550671e-190	2.30416655645982e-187
M5633_1.02	1980	477	0.240909090909091	6.17073878102163e-164	5.35620126192677e-161
M5634_1.02	2560	516	0.2015625	2.93307248011079e-146	2.54590691273617e-143
M5635_1.02	2132	43	0.0201688555347092	0.999999999999138	1
M5636_1.02	3132	911	0.290868454661558	0	0
M5638_1.02	1280	18	0.0140625	0.999999999996909	1
M5641_1.02	1024	13	0.0126953125	0.999999999948969	1
M5642_1.02	8584	349	0.0406570363466915	0.999970872088667	1
M5645_1.02	4276	43	0.0100561272217025	1	1
M5649_1.02	4414	45	0.0101948346171273	1	1
M5651_1.02	2670	510	0.191011235955056	1.05920583729684e-135	9.19390666773657e-133
M5652_1.02	1992	79	0.0396586345381526	0.985333685092252	1
M5653_1.02	1696	77	0.0454009433962264	0.815466823820361	1
M5655_1.02	4805	347	0.072216441207076	6.17680375398642e-11	5.36146565846021e-08
M5661_1.02	3288	1448	0.440389294403893	0	0
M5662_1.02	5837	2605	0.446290902861059	0	0
M5665_1.02	3104	1116	0.359536082474227	0	0
M5669_1.02	4777	407	0.0851999162654386	3.12618666735648e-23	2.71353002726542e-20
M5672_1.02	1904	49	0.0257352941176471	0.999999932088659	1
M5674_1.02	1952	76	0.0389344262295082	0.989637470979572	1
M5683_1.02	4446	537	0.120782726045884	2.81669730996302e-71	2.4448932650479e-68
M5684_1.02	5051	586	0.116016630370224	1.15835286438965e-71	1.00545028629022e-68
M5687_1.02	4266	389	0.0911861228316924	2.75850505511991e-27	2.39438238784408e-24
M5689_1.02	4773	581	0.121726377540331	4.18183632566334e-78	3.62983393067578e-75
M5690_1.02	1572	68	0.0432569974554707	0.896897066545377	1
M5691_1.02	1872	51	0.0272435897435897	0.999999434811779	1
M5693_1.02	1868	66	0.0353319057815846	0.998792947866771	1
M5694_1.02	4546	62	0.0136383633963924	1	1
M5696_1.02	4604	61	0.013249348392702	1	1
M5697_1.02	4408	58	0.0131578947368421	1	1
M5699_1.02	1536	30	0.01953125	0.99999999962338	1
M5701_1.02	1280	23	0.01796875	0.999999998829859	1
M5702_1.02	9158	618	0.067481982965713	6.92601820750603e-13	6.01178380411523e-10
M5703_1.02	10352	667	0.0644319938176198	1.79853909523757e-10	1.56113193466621e-07
M5704_1.02	1520	0	0	1	1
M5705_1.02	640	15	0.0234375	0.999705942314615	1
M5709_1.02	1472	0	0	1	1
M5711_1.02	9160	621	0.0677947598253275	2.8552229327619e-13	2.47833350563733e-10
M5713_1.02	896	14	0.015625	0.999999977108755	1
M5714_1.02	2965	62	0.0209106239460371	1	1
M5715_1.02	3160	64	0.020253164556962	1	1
M5717_1.02	2080	61	0.0293269230769231	0.999998019888745	1
M5720_1.02	2080	62	0.0298076923076923	0.999996551290872	1
M5721_1.02	4904	675	0.137642740619902	1.54065284804609e-112	1.33728667210401e-109
M5722_1.02	5438	632	0.116219198234645	2.12203934780709e-77	1.84193015389655e-74
M5724_1.02	4779	214	0.0447792425193555	0.952144442225534	1
M5725_1.02	4109	165	0.040155755658311	0.998404243938021	1
M5729_1.02	2092	17	0.00812619502868069	1	1
M5731_1.02	4112	191	0.0464494163424125	0.854198949939262	1
M5734_1.02	4139	189	0.0456632036723846	0.901569727464234	1
M5735_1.02	4353	183	0.042039972432805	0.992652605130743	1
M5738_1.02	2140	20	0.00934579439252336	1	1
M5740_1.02	3786	89	0.0235076597992604	1	1
M5741_1.02	4542	76	0.0167327168648173	1	1
M5743_1.02	4529	88	0.019430337822919	1	1
M5744_1.02	1996	15	0.00751503006012024	1	1
M5746_1.02	2832	156	0.0550847457627119	0.122306076577928	1
M5750_1.02	7722	167	0.0216265216265216	1	1
M5751_1.02	2260	43	0.0190265486725664	0.999999999999984	1
M5753_1.02	5538	292	0.0527266161068978	0.189490466074192	1
M5754_1.02	896	18	0.0200892857142857	0.999998167891826	1
M5757_1.02	896	15	0.0167410714285714	0.999999924495999	1
M5764_1.02	5687	565	0.0993493933532618	8.54292051866763e-49	7.4152550102035e-46
M5771_1.02	2343	49	0.020913358941528	0.999999999999643	1
M5772_1.02	896	18	0.0200892857142857	0.999998167891826	1
M5783_1.02	1536	13	0.00846354166666667	1	1
M5792_1.02	3768	161	0.0427282377919321	0.98094769147354	1
M5795_1.02	6598	323	0.0489542285541073	0.655326632112276	1
M5796_1.02	4842	421	0.0869475423378769	1.55408044529755e-25	1.34894182651827e-22
M5799_1.02	6512	378	0.058046683046683	0.0024502159151761	1
M5804_1.02	8681	508	0.058518603847483	0.000290548252092706	0.252195882816469
M5805_1.02	6863	466	0.0679003351304094	1.80773383406284e-10	1.56911296796655e-07
M5806_1.02	896	18	0.0200892857142857	0.999998167891826	1
M5807_1.02	896	18	0.0200892857142857	0.999998167891826	1
M5809_1.02	2848	84	0.0294943820224719	0.999999953009251	1
M5815_1.02	4322	181	0.0418787598334105	0.993459422131876	1
M5816_1.02	5163	207	0.0400929692039512	0.999551785481356	1
M5817_1.02	4964	100	0.0201450443190975	1	1
M5854_1.02	8711	2223	0.25519458156354	0	0
M5855_1.02	13490	2600	0.192735359525574	0	0
M5856_1.02	9527	2439	0.256009236905637	0	0
M5857_1.02	5625	1142	0.203022222222222	9.88131291682493e-324	8.57697961180404e-321
M5865_1.02	6651	1575	0.23680649526387	0	0
M5874_1.02	5347	121	0.0226295118758182	1	1
M5877_1.02	1536	47	0.0305989583333333	0.999897440214054	1
M5881_1.02	1792	78	0.0435267857142857	0.901606774182832	1
M5882_1.02	5215	118	0.0226270373921381	1	1
M5885_1.02	7527	162	0.0215225189318454	1	1
M5890_1.02	4792	175	0.0365191986644407	0.999994838819005	1
M5895_1.02	5111	135	0.026413617687341	1	1
M5896_1.02	1536	83	0.0540364583333333	0.254167966705725	1
M5898_1.02	1792	78	0.0435267857142857	0.901606774182832	1
M5900_1.02	4044	140	0.0346191889218595	0.999998423510288	1
M5901_1.02	4132	157	0.0379961277831559	0.999858729018259	1
M5903_1.02	4691	65	0.0138563206139416	1	1
M5907_1.02	1536	248	0.161458333333333	4.5723879109017e-54	3.96883270666268e-51
M5908_1.02	3360	425	0.126488095238095	6.4390831122607e-62	5.58912414144229e-59
M5909_1.02	3075	610	0.198373983739837	2.4371217069104e-169	2.11542164159823e-166
M5917_1.02	7030	447	0.0635846372688478	5.58500522602973e-07	0.000484778453619381
M5918_1.02	5748	362	0.0629784272790536	1.27533490750238e-05	0.0110699069971207
M5919_1.02	7712	450	0.058350622406639	0.000740972243222721	0.643163907117322
M5926_1.02	2228	788	0.353680430879713	0	0
M5928_1.02	2832	255	0.0900423728813559	7.03370277499581e-18	6.10525400869636e-15
M5930_1.02	2880	740	0.256944444444444	1.13851285160144e-269	9.8822915519005e-267
M5931_1.02	2968	879	0.296159029649596	0	0
M5932_1.02	3128	768	0.245524296675192	1.22406967820718e-267	1.06249248068383e-264
M5933_1.02	4009	648	0.161636318283861	3.33569560866772e-138	2.89538378832358e-135
M5934_1.02	4541	772	0.170006606474345	4.59207785891618e-176	3.98592358153924e-173
M5935_1.02	4682	736	0.15719777872704	1.45562775954691e-150	1.26348489528672e-147
M5936_1.02	4862	735	0.15117235705471	6.33723017678659e-142	5.50071579345076e-139
M5942_1.02	896	18	0.0200892857142857	0.999998167891826	1
M5944_1.02	896	58	0.0647321428571429	0.032821398841015	1
M5945_1.02	896	28	0.03125	0.997096476954993	1
M5946_1.02	5822	144	0.0247337684644452	1	1
M5947_1.02	2544	33	0.0129716981132075	1	1
M5949_1.02	896	64	0.0714285714285714	0.00401788095764328	1
M5951_1.02	896	64	0.0714285714285714	0.00401788095764328	1
M5952_1.02	3325	1460	0.439097744360902	0	0
M5955_1.02	5857	537	0.0916851630527574	1.58989106207122e-37	1.38002544187782e-34
M5958_1.02	6304	279	0.044257614213198	0.9821253228061	1
M5959_1.02	10545	980	0.0929350403034613	1.74200453914372e-69	1.51205993997675e-66
M5961_1.02	8384	240	0.0286259541984733	1	1
M5962_1.02	8182	244	0.0298215595208995	1	1
M5963_1.02	11647	1149	0.098652013394007	2.28404071224611e-95	1.98254733822962e-92
M5964_1.02	12853	1197	0.0931300085583132	6.5039869945805e-85	5.64546071129587e-82
M5965_1.02	12586	1175	0.093357699030669	5.69997871586198e-84	4.9475815253682e-81
M5967_1.02	6733	102	0.0151492648150899	1	1
M5968_1.02	6519	794	0.121797821751802	4.32290580703102e-106	3.75228224050293e-103
M5970_1.02	8104	363	0.0447926949654492	0.98429406864761	1
M5971_1.02	8416	186	0.0221007604562738	1	1
M5972_1.02	7645	177	0.0231523871811642	1	1
M5973_1.02	7554	331	0.0438178448504104	0.99330674462823	1
M5974_1.02	8001	56	0.00699912510936133	1	1
M5976_1.02	7557	508	0.0672224427682943	1.13010593696239e-10	9.80931953283355e-08
M5977_1.02	4928	792	0.160714285714286	4.49942673914171e-167	3.905502409575e-164
M5979_1.02	6206	361	0.058169513374154	0.00266045459867744	1
M5980_1.02	4730	44	0.00930232558139535	1	1
M5981_1.02	8046	342	0.0425055928411633	0.999046569605241	1
M5987_1.02	2794	932	0.333571939871152	0	0
M5989_1.02	1700	119	0.07	0.000286246856958967	0.248462271840383
M5998_1.02	3827	1844	0.481839561013849	0	0
M6016_1.02	1024	91	0.0888671875	3.3349474132215e-07	0.000289473435467626
M6037_1.02	4489	155	0.0345288482958343	0.999999605483429	1
M6111_1.02	5666	143	0.0252382633250971	1	1
M6117_1.02	8777	526	0.0599293608294406	2.93476608315179e-05	0.0254737696017575
M6139_1.02	3424	150	0.0438084112149533	0.953760629932146	1
M6140_1.02	5064	61	0.0120458135860979	1	1
M6146_1.02	13242	1112	0.0839752303277451	2.86418797355755e-57	2.48611516104795e-54
M6148_1.02	0	0	0	1	1
M6149_1.02	5270	112	0.0212523719165085	1	1
M6150_1.02	8832	774	0.0876358695652174	1.77148448958849e-46	1.53764853696281e-43
M6151_1.02	2176	163	0.0749080882352941	7.60120452596543e-07	0.000659784552853799
M6152_1.02	3646	1322	0.362589138782227	0	0
M6154_1.02	6477	485	0.074880345839123	4.4653370408686e-17	3.87591255147394e-14
M6155_1.02	8026	1526	0.190132070769997	0	0
M6157_1.02	2558	24	0.00938232994526974	1	1
M6159_1.02	6186	427	0.0690268347882315	1.4194106484659e-10	1.2320484428684e-07
M6163_1.02	4270	188	0.0440281030444965	0.964527326835271	1
M6164_1.02	9532	672	0.0704993705413345	2.02713858674101e-17	1.7595562932912e-14
M6166_1.02	5107	121	0.0236929704327394	1	1
M6174_1.02	4848	748	0.154290429042904	7.3263323337687e-149	6.35925646571123e-146
M6180_1.02	3040	1447	0.475986842105263	0	0
M6181_1.02	5314	1919	0.361121565675574	0	0
M6182_1.02	1280	37	0.02890625	0.999900225592281	1
M6185_1.02	2560	91	0.035546875	0.99975350538746	1
M6187_1.02	6492	344	0.0529882932840419	0.147260643059638	1
M6194_1.02	5417	402	0.0742108177958279	6.22964772043449e-14	5.40733422133714e-11
M6197_1.02	2541	775	0.30499803227076	0	0
M6204_1.02	8005	2501	0.312429731417864	0	0
M6210_1.02	8150	633	0.0776687116564417	3.16698242142205e-25	2.74894074179434e-22
M6212_1.02	8031	243	0.0302577512140456	1	1
M6221_1.02	5702	2155	0.377937565766398	0	0
M6224_1.02	9739	2153	0.221069925043639	0	0
M6225_1.02	4985	154	0.0308926780341023	0.999999999965219	1
M6228_1.02	3902	1801	0.461558175294721	0	0
M6234_1.02	5162	316	0.061216582719876	0.000268668618327436	0.233204360708214
M6238_1.02	3007	310	0.103092783505155	3.59623694785811e-30	3.12153367074084e-27
M6244_1.02	4579	303	0.0661716531993885	1.73550691898788e-06	0.00150642000568148
M6250_1.02	3813	387	0.101494885916601	7.59894365284089e-36	6.59588309066589e-33
M6251_1.02	3666	254	0.0692853246044735	4.56434443754847e-07	0.000396185097179207
M6258_1.02	1280	119	0.09296875	5.25937281824194e-10	4.565135606234e-07
M6262_1.02	5131	289	0.0563243032547262	0.0246755275011298	1
M6263_1.02	3919	196	0.0500127583567237	0.508074525023493	1
M6264_1.02	7580	394	0.0519788918205805	0.227034152071298	1
M6266_1.02	6748	348	0.0515708358032009	0.289044553854756	1
M6268_1.02	5732	672	0.117236566643405	1.26571565672845e-83	1.09864119004029e-80
M6269_1.02	2752	93	0.0337936046511628	0.999976985647102	1
M6271_1.02	9635	604	0.0626881162428645	4.58881539516995e-08	3.98309176300752e-05
M6274_1.02	3504	222	0.0633561643835616	0.000374720177751587	0.325257114288378
M6275_1.02	7283	300	0.0411918165591103	0.999756082089897	1
M6278_1.02	7007	944	0.134722420436706	5.88514094777182e-151	5.10830234266594e-148
M6279_1.02	1280	67	0.05234375	0.370233657362747	1
M6280_1.02	5244	131	0.0249809305873379	1	1
M6292_1.02	2421	17	0.00702189178025609	1	1
M6293_1.02	5989	182	0.0303890465854066	0.9999999999999	1
M6295_1.02	4227	35	0.00828010409273717	1	1
M6296_1.02	4788	71	0.014828738512949	1	1
M6297_1.02	2596	18	0.00693374422187982	1	1
M6298_1.02	3180	54	0.0169811320754717	1	1
M6299_1.02	4320	101	0.0233796296296296	1	1
M6300_1.02	5762	56	0.00971884762235335	1	1
M6301_1.02	3280	112	0.0341463414634146	0.99999288072829	1
M6303_1.02	1024	9	0.0087890625	0.99999999999992	1
M6304_1.02	2440	24	0.00983606557377049	1	1
M6305_1.02	1792	149	0.0831473214285714	6.15817972173448e-09	5.34529999846553e-06
M6315_1.02	1280	3	0.00234375	1	1
M6321_1.02	13220	1764	0.133434190620272	1.65966123301258e-275	1.44058595025492e-272
M6322_1.02	7658	769	0.100417863671977	1.78818166670219e-67	1.5521416866975e-64
M6323_1.02	10314	971	0.0941438821019973	2.07555035768372e-71	1.80157771046947e-68
M6324_1.02	7644	2249	0.29421768707483	0	0
M6325_1.02	3067	896	0.292142158461037	0	0
M6326_1.02	4848	596	0.122937293729373	1.38140639000843e-81	1.19906074652732e-78
M6329_1.02	2494	34	0.0136327185244587	1	1
M6330_1.02	12474	1222	0.0979637646304313	1.83856504605366e-99	1.59587445997458e-96
M6331_1.02	3456	976	0.282407407407407	0	0
M6332_1.02	1792	309	0.172433035714286	4.50763435996048e-73	3.9126266244457e-70
M6336_1.02	10400	2116	0.203461538461538	0	0
M6337_1.02	7600	1133	0.149078947368421	5.33310186887873e-213	4.62913242218674e-210
M6339_1.02	2432	286	0.117598684210526	6.01829428534598e-37	5.22387943968031e-34
M6345_1.02	3240	548	0.169135802469136	9.62341509730934e-125	8.35312430446451e-122
M6350_1.02	2560	181	0.070703125	5.89391973739192e-06	0.00511592233205619
M6352_1.02	1792	231	0.12890625	1.06713864715875e-35	9.26276345733795e-33
M6354_1.02	3444	905	0.262775842044135	0	0
M6355_1.02	7544	1693	0.224416755037116	0	0
M6357_1.02	1024	6	0.005859375	1	1
M6358_1.02	7782	1164	0.149575944487278	6.93628286469876e-220	6.02069352655852e-217
M6359_1.02	1276	269	0.210815047021944	3.26173622925697e-81	2.83118704699505e-78
M6360_1.02	6696	1956	0.292114695340502	0	0
M6362_1.02	4225	495	0.117159763313609	4.6766672992049e-62	4.05934721570985e-59
M6365_1.02	2850	99	0.0347368421052632	0.999949961452501	1
M6373_1.02	7642	1170	0.15310128238681	6.14515076330894e-229	5.33399086255216e-226
M6374_1.02	5184	452	0.0871913580246914	1.63211940666574e-27	1.41667964498586e-24
M6375_1.02	4407	251	0.056954844565464	0.0228460311735351	1
M6376_1.02	1280	130	0.1015625	3.06322338272367e-13	2.65887789620415e-10
M6377_1.02	2528	52	0.0205696202531646	0.999999999999979	1
M6379_1.02	4651	211	0.0453665878305741	0.927666249902647	1
M6381_1.02	6698	662	0.0988354732756047	4.35334087804087e-56	3.77869988213948e-53
M6382_1.02	5672	717	0.126410437235543	6.2724433408249e-103	5.44448081983601e-100
M6383_1.02	8705	618	0.0709936817920735	1.01399194870952e-16	8.80145011479863e-14
M6384_1.02	6547	408	0.0623186192149076	9.58641807948171e-06	0.00832101089299012
M6386_1.02	1280	53	0.04140625	0.928208046748995	1
M6388_1.02	1280	100	0.078125	1.89657738226031e-05	0.0164622916780195
M6389_1.02	8027	1227	0.152859100535692	2.06187042041914e-239	1.78970352492381e-236
M6391_1.02	5295	209	0.0394711992445703	0.999828938520299	1
M6393_1.02	2448	459	0.1875	1.28034682742192e-119	1.11134104620223e-116
M6395_1.02	4247	518	0.121968448316459	4.01946735355398e-70	3.48889766288486e-67
M6396_1.02	4480	275	0.0613839285714286	0.000540103135632874	0.468809521729335
M6397_1.02	5537	286	0.0516525194148456	0.299039228718947	1
M6402_1.02	2878	171	0.0594162612925643	0.0151019114807521	1
M6411_1.02	9079	878	0.0967066857583434	1.17908210386688e-69	1.02344326615645e-66
M6413_1.02	5612	145	0.0258374910905203	1	1
M6416_1.02	5690	333	0.0585237258347979	0.00271354051449816	1
M6418_1.02	3084	125	0.0405317769130999	0.9930825909712	1
M6422_1.02	7422	548	0.0738345459444893	5.93632616943052e-18	5.15273111506569e-15
M6430_1.02	1280	375	0.29296875	3.28194679974338e-155	2.84872982217725e-152
M6432_1.02	6613	588	0.0889157719643127	2.15471740571961e-37	1.87029470816462e-34
M6437_1.02	1280	121	0.09453125	1.45753104656266e-10	1.26513694841639e-07
M6441_1.02	10842	1546	0.142593617413761	3.55378402123145e-270	3.0846845304289e-267
M6442_1.02	12053	1870	0.155148095909732	0	0
M6443_1.02	1280	385	0.30078125	5.91848722029996e-163	5.13724690722037e-160
M6448_1.02	7118	763	0.107193031750492	3.38699328233748e-78	2.93991016906893e-75
M6451_1.02	7681	1123	0.146204921234214	7.4140304792026e-205	6.43537845594786e-202
M6455_1.02	6126	290	0.0473392099249102	0.83129297905455	1
M6457_1.02	3320	193	0.0581325301204819	0.0217933277228393	1
M6463_1.02	7524	416	0.0552897395002658	0.0227053427683906	1
M6464_1.02	7593	783	0.103121295930462	2.85418813111377e-73	2.47743529780675e-70
M6465_1.02	4534	295	0.0650639611821791	8.04460005233585e-06	0.00698271284542752
M6466_1.02	3451	284	0.0822949869603014	5.22557429984902e-15	4.53579849226895e-12
M6468_1.02	2048	107	0.05224609375	0.337649176192327	1
M6470_1.02	1280	25	0.01953125	0.999999990903576	1
M6471_1.02	1024	257	0.2509765625	6.29710840042789e-93	5.46589009157141e-90
M6472_1.02	1280	288	0.225	4.32955089420612e-93	3.75805017617091e-90
M6477_1.02	1024	215	0.2099609375	5.10547362968673e-65	4.43155111056808e-62
M6486_1.02	9831	607	0.0617434645509104	2.75903409694555e-07	0.000239484159614874
M6491_1.02	5735	1299	0.226503923278117	0	0
M6492_1.02	5718	1210	0.211612451906261	0	0
M6496_1.02	6221	692	0.111236135669507	3.70413803183166e-77	3.21519181162988e-74
M6497_1.02	5838	932	0.159643713600548	2.36301822492934e-194	2.05109981923867e-191
M6498_1.02	3296	270	0.0819174757281553	3.85711725356236e-14	3.34797777609213e-11
M6499_1.02	2848	310	0.108848314606742	4.71807674217768e-34	4.09529061221023e-31
M6500_1.02	5767	614	0.106467834229235	2.31465242956792e-62	2.00911830886495e-59
M6504_1.02	10233	364	0.0355711912440145	0.999999999997464	1
M6506_1.02	4987	187	0.0374974934830559	0.999983862434997	1
M6515_1.02	8968	1442	0.160793933987511	1.48542861184389e-302	1.2893520350805e-299
M6524_1.02	5281	427	0.0808558985040712	2.16456842660275e-20	1.87884539429119e-17
M6525_1.02	6381	505	0.0791412004388027	5.28165596980869e-22	4.58447738179394e-19
M6527_1.02	5556	387	0.0696544276457883	3.56558315567202e-10	3.09492617912331e-07
M6529_1.02	1280	144	0.1125	6.33630213751072e-18	5.4999102553593e-15
M6535_1.02	11602	2647	0.228150318910533	0	0
M6537_1.02	5942	580	0.0976102322450353	7.70100509810423e-48	6.68447242515447e-45
M6541_1.02	10748	1177	0.109508745813175	2.29611412318326e-125	1.99302705892307e-122
M6542_1.02	6919	304	0.0439369851134557	0.98989349191547	1
M6544_1.02	6408	729	0.11376404494382	3.92910286389053e-85	3.41046128585698e-82
M6545_1.02	9172	1105	0.120475359790667	1.02057292208969e-143	8.85857296373851e-141
M6547_1.02	15569	1556	0.0999421928190635	9.53585801460828e-133	8.27712475667999e-130
M6549_1.02	4261	370	0.086834076507862	1.41757476739123e-22	1.23045489809559e-19
M6552_1.02	10384	2199	0.211768104776579	0	0
M6553_1.02	8745	1696	0.193939393939394	0	0
M6555_1.02	2208	65	0.0294384057971014	0.9999988377557	1
M6556_1.02	15432	1351	0.0875453602903059	2.42089375663738e-79	2.10133578076125e-76
M6557_1.02	4604	301	0.065377932232841	4.62831792427799e-06	0.0040173799582733
M6558_1.02	8570	642	0.0749124854142357	4.65655112502706e-22	4.04188637652349e-19
M6559_1.02	9672	561	0.0580024813895782	0.000316268600495031	0.274521145229687
A2RRD8:1-8|RCADE	17535	780	0.0444824636441403	0.999584619981793	1
A6NGD5:1-5|RCADE	6430	606	0.0942457231726283	1.84647764951134e-45	1.60274259977584e-42
A6NK75:2-8|RCADE	7521	474	0.0630235341045074	6.58960272122032e-07	0.000571977516201924
O14771:1-5|RCADE	10757	1623	0.150878497722413	9.14412953945331e-310	7.93710444024547e-307
O43296|MEME	7555	603	0.0798146922567836	9.61550391889966e-27	8.3462574016049e-24
O60765:5-9|RCADE	5489	175	0.031881945709601	0.999999999947274	1
O75467:1-5|RCADE	7208	109	0.0151220865704772	1	1
O75820:5-10|RCADE	11795	1682	0.142602797795676	9.06956879229379e-294	7.87238571171101e-291
P10073:1-6|RCADE	13083	1972	0.15072995490331	0	0
P10074|MEME	6438	502	0.0779745262503883	1.0729772496975e-20	9.3134425273743e-18
P10075|MEME	12681	731	0.057645296112294	9.00526158573073e-05	0.0781656705641427
P15622:1-3|RCADE	4004	347	0.0866633366633367	3.70220415676754e-21	3.21351320807422e-18
P17019:2-8|RCADE	12650	1179	0.093201581027668	7.51027221200882e-84	6.51891628002366e-81
P17020:7-12|RCADE	9135	416	0.0455391351943076	0.974554751300614	1
P17022|MEME	5906	161	0.0272604131391805	1	1
P17026:1-3|RCADE	479	69	0.144050104384134	5.22028516280392e-14	4.5312075213138e-11
P17032:2-4|RCADE	4606	718	0.155883630047764	3.7624072528322e-145	3.26576949545835e-142
P17039|MEME	14589	1203	0.0824593872095414	5.60365786188188e-58	4.86397502411347e-55
P51814:4-14|RCADE	18121	1399	0.0772032448540367	4.18552138357031e-52	3.63303256093903e-49
P52737|MEME	6589	222	0.0336925178327516	0.999999999866654	1
P52738:3-10|RCADE	15345	2692	0.175431736722059	0	0
P52741:2-6|RCADE	8798	691	0.0785405774039554	1.40405402102414e-28	1.21871889024895e-25
P58317:2-9|RCADE	16394	898	0.0547761376113212	0.00366185916854023	1
P59817|MEME	10262	276	0.026895342038589	1	1
P98182:2-5|RCADE	8250	2808	0.340363636363636	0	0
Q02386:10-12|RCADE	2992	126	0.0421122994652406	0.977951063139234	1
Q03923:1-5|RCADE	7428	658	0.0885837372105547	3.82724914941305e-41	3.32205226169053e-38
Q06730:2-4|RCADE	4096	89	0.021728515625	1	1
Q08ER8:4-7|RCADE	9727	965	0.0992083890202529	1.33078331151187e-81	1.1551199143923e-78
Q09FC8|MEME	11236	886	0.0788536845852617	1.15584420293934e-36	1.00327276815135e-33
Q0VGE8:8-13|RCADE	11710	687	0.05866780529462	2.36446847206757e-05	0.0205235863375465
Q14593:3-6|RCADE	6777	499	0.0736314003246274	2.59214791135988e-16	2.24998438706038e-13
Q15072:6-10|RCADE	5948	275	0.0462340282447882	0.909178695153961	1
Q3MIS6:1-4|RCADE	5917	890	0.150414061179652	4.30493626322372e-170	3.73668467647819e-167
Q3ZCT1:9-13|RCADE	8633	933	0.1080736707981	6.26344254571765e-97	5.43666812968292e-94
Q53GI3|MEME	13879	1724	0.12421644210678	1.62401805720384e-236	1.40964767365293e-233
Q5HYK9:8-13|RCADE	9819	521	0.0530603931153885	0.0920829284880593	1
Q5T5D7|MEME	9513	724	0.0761063807421423	2.4822997894217e-26	2.15463621721804e-23
Q6IQ21|MEME	8455	834	0.0986398580721467	8.93558348680116e-70	7.75608646654341e-67
Q6NX45:7-12|RCADE	12071	1552	0.128572612045398	3.3779629203392e-227	2.93207181485443e-224
Q6P9A3|MEME	6989	481	0.0688224352554013	1.59356924233812e-11	1.38321810234949e-08
Q6P9G9:1-7|RCADE	13860	896	0.0646464646464646	8.9809246119082e-14	7.79544256313632e-11
Q6U7Q0:2-8|RCADE	13345	1009	0.0756088422630199	5.858731794002e-35	5.08537919719374e-32
Q6ZN55:9-12|RCADE	8690	910	0.104718066743383	5.65550279379133e-88	4.90897642501087e-85
Q7Z7K2:3-6|RCADE	8051	1438	0.178611352627003	0	0
Q86TJ5:1-7|RCADE	12859	1280	0.0995411773854888	1.79880617297561e-108	1.56136375814283e-105
Q86UD4:2-8|RCADE	11236	669	0.0595407618369527	6.03782301977931e-06	0.00524083038116844
Q86W11:1-5|RCADE	12055	1346	0.11165491497304	2.83934882360215e-149	2.46455477888667e-146
Q86XU0:5-11|RCADE	10387	733	0.0705689804563396	6.26621048051912e-19	5.4390706970906e-16
Q8IVP9:6-10|RCADE	8037	531	0.0660694288913774	4.61716303905725e-10	4.00769751790169e-07
Q8IWY8:1-4|RCADE	7014	109	0.0155403478756772	1	1
Q8IYB9:8-11|RCADE	5129	125	0.0243712224605186	1	1
Q8IZ26|MEME	6762	490	0.072463768115942	5.80301488993702e-15	5.03701692446533e-12
Q8N141:6-12|RCADE	7230	318	0.0439834024896266	0.990731918955454	1
Q8N8E2:4-8|RCADE	5723	92	0.0160754848855495	1	1
Q8N9F8:4-12|RCADE	16627	1124	0.067600890118482	3.37177730345583e-22	2.92670269939966e-19
Q8N9Z0:6-8|RCADE	4797	539	0.112361892849698	7.41235509092427e-62	6.43392421892227e-59
Q8NEM1:5-11|RCADE	10409	600	0.057642424824671	0.000349954337376603	0.303760364842891
Q8NHY6:2-12|RCADE	12821	1018	0.079400982762655	5.78838859707175e-43	5.02432130225828e-40
Q8TA94:6-11|RCADE	11876	1867	0.157207814078814	0	0
Q8TBZ5:5-13|RCADE	16785	1044	0.0621983914209115	5.39243326671552e-12	4.68063207550907e-09
Q8TC21:2-6|RCADE	9783	1393	0.142389859961157	4.1923044075152e-243	3.63892022572319e-240
Q8TD23:2-8|RCADE	11959	464	0.0387992307049084	0.999999994653789	1
Q8TF45:5-9|RCADE	7318	488	0.0666848865810331	7.04154126828729e-10	6.11205782087337e-07
Q92664:3-5|RCADE	3760	301	0.0800531914893617	2.13375181726813e-14	1.85209657738874e-11
Q96BR6:1-9|RCADE	16369	1279	0.0781355000305455	3.41385298436112e-50	2.96322439042545e-47
Q96HQ0:4-10|RCADE	10791	817	0.0757112408488555	7.76765791413638e-29	6.74232706947038e-26
Q96JF6:10-14|RCADE	10922	798	0.0730635414759202	3.89637572781862e-24	3.38205413174656e-21
Q96LW9:1-5|RCADE	8846	618	0.0698620845579923	1.87638872071917e-15	1.62870540958424e-12
Q96MU6:10-13|RCADE	7960	262	0.0329145728643216	0.999999999999849	1
Q96NG8:1-9|RCADE	14997	1092	0.0728145629125825	8.12487852604648e-32	7.05239456060834e-29
Q96NJ6:1-6|RCADE	9838	451	0.0458426509453141	0.970363770537695	1
Q96PE6:5-10|RCADE	8244	699	0.0847889374090247	6.16552404226964e-38	5.35167486869005e-35
Q96PQ6:4-7|RCADE	6468	1163	0.179808286951144	2.52042908315221e-284	2.18773244417612e-281
Q96SR6:1-8|RCADE	12534	703	0.0560874421573321	0.00145892128752476	1
Q99676:4-6|RCADE	3918	99	0.0252679938744257	0.999999999999993	1
Q9BU19|MEME	10226	729	0.0712888715040094	8.55093361350408e-20	7.42221037652154e-17
Q9BYN7|MEME	10635	2264	0.21288199341796	0	0
Q9C0F3:7-11|RCADE	9594	1000	0.104231811548885	2.07487871204632e-95	1.80099472205621e-92
Q9H5H4:1-5|RCADE	8088	309	0.0382047477744807	0.999999665541945	1
Q9HCK0|MEME	9015	763	0.084636716583472	5.50603729868405e-41	4.77924037525775e-38
Q9NPA5|MEME	12376	1079	0.0871848739495798	5.86333076683508e-63	5.08937110561285e-60
Q9NPC7:1-4|RCADE	3670	210	0.0572207084468665	0.0294761125100566	1
Q9NQX0|MEME	4979	525	0.105442860012051	1.90878329220168e-52	1.65682389763106e-49
Q9NQX6:1-9|RCADE	17584	1498	0.0851910828025478	2.91188565581054e-80	2.52751674924355e-77
Q9NQZ8:3-10|RCADE	13532	1558	0.115134496009459	4.74165955911688e-184	4.11576049731345e-181
Q9NXT0:4-7|RCADE	9049	896	0.0990164659078351	1.52644763412414e-75	1.32495654641975e-72
Q9NZL3:5-11|RCADE	11655	1047	0.0898326898326898	4.36435361289776e-67	3.78825893599526e-64
Q9UKT9:2-4|RCADE	5082	1189	0.233963006690279	0	0
Q9UL59:3-10|RCADE	9985	247	0.0247371056584877	1	1
Q9ULM2|MEME	8000	925	0.115625	3.90974003880712e-111	3.39365435368458e-108
Q9Y2Q1|MEME	7870	423	0.0537484116899619	0.0731390658789285	1
Q9Y473|MEME	7750	179	0.0230967741935484	1	1
